18304
12864
59591
51772
21107
60759
10051
7017
61212
34088
47421
53958
14617
21885
20415
44166
59409
22121
49478
57945
16162
34155
49376
57874
26377
23114
22972
5513
2035
62027
20430
57912
5591
33101
25597
30635
4160
61869
47525
6538
40142
14029
46776
46065
49695
4342
26912
27897
2746
50650
51865
62840
2735
51409
9560
28516
47709
8090
57025
51427
53134
15811
8628
23171
4961
52734
51829
603
12215
46516
17325
56897
24016
50586
40761
21919
12715
29599
37251
25349
17682
35736
41122
64567
64232
19318
48854
479
33605
61490
13186
53599
46163
60456
33012
4400
24585
42262
3329
57491
8213
44617
46273
41897
46631
35581
41253
958
20730
35635
46464
8058
39117
41641
1289
29133
57030
6113
44075
62186
60788
34621
36101
53642
31595
1736
29816
37012
13600
9240
3204
57300
60648
55780
61356
54597
54178
48952
17395
46212
23437
8802
36535
5111
53151
26859
33818
49884
10955
11683
22922
2741
46528
14381
5471
21305
45610
56633
24661
57765
44621
1839
6057
53359
44644
22040
39378
36813
23547
9964
47341
46582
16731
13174
44348
4409
22902
47387
38590
41540
13662
29818
24693
25440
38049
39157
2116
636
18431
48819
26073
19568
4119
41938
46947
32916
24553
50596
20397
50901
64794
63887
60617
29801
59370
15032
40403
26440
20736
52323
25392
39694
62613
52118
2181
40971
37494
1497
63602
9449
51566
38515
52673
33726
43430
21295
17287
35167
2356
5754
60963
34547
39536
14385
45947
30016
32
31424
11679
19400
61420
27776
51479
35909
45948
24896
12076
25308
56003
48355
33626
37852
51272
54595
9077
41779
45161
59927
32221
15127
28768
41516
20479
64795
43998
27958
49061
21908
2279
17622
276
13320
41127
26962
3074
19585
24232
1974
193
22158
40960
46519
17398
16441
9419
41879
58241
58989
18453
26336
44521
63041
51522
26583
53460
35523
48391
31988
26552
62908
51961
45157
8043
40769
51433
28279
27197
5533
723
60769
2828
5313
3564
48020
39810
19296
25399
25165
13833
59651
54455
35442
34355
27640
32949
52998
7151
61771
17792
7866
18520
24120
6180
30567
17725
38926
12004
43610
43241
42437
64014
50312
63456
23412
50560
12388
23127
5888
37504
34687
56720
42189
42011
28529
14468
50986
25228
2183
63707
7018
40667
50402
26451
40073
49545
41751
53029
61364
28538
37126
43794
19952
60025
31719
2028
11301
10988
12942
53503
21416
19726
53445
46365
45391
12090
38741
52973
3491
26608
64142
5749
35682
53391
9512
15378
21347
12247
1651
23256
60554
37011
11429
7681
13589
48868
12135
62363
35002
28490
651
4953
60686
17630
9291
20914
21292
42302
2206
24518
18397
37775
36071
53658
5496
18840
37391
61897
58445
62667
24117
30415
13623
18789
61964
43612
42175
27586
214
5201
12250
10225
53250
55149
33553
33800
61751
30684
15318
49108
17062
44225
3328
4251
11611
50012
9909
41076
33302
53796
55210
18491
17175
8685
33479
29830
24826
51128
39283
62564
65277
34037
37696
17326
5746
34505
5084
39439
14807
23104
12411
27155
61474
62175
4391
32802
21037
29265
36339
56961
9019
39664
7800
501
63777
8829
56985
53251
64311
64679
28871
38799
53344
12374
34309
43847
4082
4192
62751
54264
3736
28055
15910
60893
7553
23358
17539
46287
57050
51941
64465
59199
37342
59861
21693
45746
39611
42087
63111
48388
29982
13879
29183
23316
18349
48643
52138
49867
19418
51216
8877
57365
9268
24110
10442
31311
54346
20805
6416
14680
33979
21481
9551
56476
25082
22686
19194
18327
14836
29053
30513
41674
26207
37835
8786
53695
61913
37187
30002
52357
57989
49513
29888
45920
12496
22273
13988
12117
25336
44981
32418
41519
8993
13619
7253
65118
44754
61542
8167
36045
57448
55873
58490
34859
21309
3277
27681
2330
25317
5011
37255
31965
5298
215
63598
45104
30981
30008
40670
3075
56263
54206
63974
53584
1584
64257
10713
23882
12066
19486
8443
31474
22561
42959
39388
19083
53064
39949
25440
9725
57656
50607
55623
54205
2586
8661
58221
6314
57454
22930
22284
2319
8402
46365
3306
45041
39243
9183
26890
24031
42242
48007
5662
45668
9689
37226
30509
6851
45766
13453
55302
48902
28946
2956
25862
53797
17629
11178
45519
6546
26515
35840
36468
54494
59702
49671
4092
12650
52126
49805
52667
7906
47100
61157
62934
11397
33755
36637
16504
21997
26244
3038
20745
17912
20846
31299
34195
646
16638
32815
23819
30614
36178
54354
26774
45299
36623
47840
32234
49175
59973
43639
49892
56776
12465
19864
11323
10627
9017
59867
28465
35873
41903
40652
46195
3326
15009
58522
3052
63386
38541
49739
55152
25993
1311
10113
10336
30592
11087
33308
29926
3918
14149
36649
17371
22684
50084
57765
41487
30133
31476
40423
131
25391
35427
13423
64626
11911
24488
35975
38371
22290
56765
13569
25606
34413
63649
58218
41862
62117
3056
22999
8951
51209
2052
48238
13967
64558
9393
62289
3142
46957
2853
63714
43544
31288
11454
21904
22391
8539
59878
858
35956
59220
51144
25967
1572
12543
62582
39210
45311
45508
25713
41429
56625
725
47488
16037
51889
7770
30677
49393
63537
29564
24360
21468
49182
39208
43921
43341
28266
32823
18783
65419
41816
29725
41954
8214
41016
17506
19197
61548
44837
31352
42505
2330
37499
7069
21724
4856
19164
13370
49734
58113
3103
6364
40193
54496
64060
7087
49030
46920
16108
42185
15313
34332
13166
5407
29937
60127
1821
5309
35013
43971
10175
1990
42736
47067
27252
64497
16211
40215
6379
33912
47030
40430
31869
17687
62809
40041
40457
59445
35533
25208
59678
61422
51227
56471
6493
50017
43299
65229
55632
37671
32779
51801
27515
37423
7789
47032
57677
24784
2003
59475
10717
40066
56007
7432
19178
52350
47208
36395
48610
46469
20431
10928
47290
4097
51181
59925
60257
32505
34204
49949
4534
29130
44497
10623
11957
2701
15684
10263
18425
43704
35262
24603
482
63521
21360
3604
20100
25713
9761
48484
13384
17485
36186
54124
57724
51272
16447
2040
29408
27938
19320
61125
2886
32573
24913
36639
13010
18958
31667
40538
47839
54794
39165
63608
30047
33329
34324
24369
23729
12714
15995
35458
24015
58672
59936
12530
34420
4054
45247
55578
58612
34783
23156
45174
46551
60627
27912
46496
2294
53715
44503
11828
59807
55505
10163
48926
64509
