10000 20
6814
25145
23468
54250
34395
51973
11598
29832
47276
37626
52806
6353
60290
3780
54809
13677
6741
8504
2400
39032
58030
33086
38908
11254
6434
7743
52118
17041
7498
53161
20598
45228
28766
19552
20861
39698
20709
25899
61155
10224
27517
22284
755
65099
33839
20598
20582
5070
31995
24718
34120
4640
46220
19290
10926
65046
13052
25987
65014
42786
6656
12459
54334
22701
39728
28673
25437
28353
37241
116
47718
2161
34038
33674
64396
20223
24568
14231
7870
33651
56036
21979
12690
63919
29551
28947
36619
18966
20147
15044
15601
54932
40588
45228
6938
17066
23295
53541
1599
25661
57226
41310
4940
21721
50045
43244
59041
38824
15043
58832
11755
15007
33027
64793
6911
10034
15388
5605
32455
10383
6741
16016
28523
46609
32997
49296
31884
37131
27027
32792
49313
53237
5440
21513
18797
42411
26413
65505
3423
5734
21838
30311
32588
17254
17657
16076
63189
13200
5665
64064
37206
24867
61506
26205
44405
8300
65396
19573
31315
1978
11396
1311
31500
10643
738
14705
25201
38364
20605
25929
14547
15702
46574
58390
21911
662
48699
28050
19477
4032
28051
23555
12455
21795
62812
58195
58046
43444
29845
35652
44159
4452
10954
33894
17803
55265
34407
26139
11491
38024
8806
34360
43611
52169
42927
40522
33618
41654
44439
31101
6884
39423
46993
59714
51578
58752
44815
19666
22566
18007
15177
9417
64547
8091
59897
19326
42457
9629
30822
24847
56267
39197
27436
2476
45067
24417
34181
14737
270
28564
51139
17827
30741
44469
2468
31157
5004
57384
27796
4385
21340
51249
63295
13704
1497
29081
25019
3258
17328
7010
60419
16897
20948
26735
11295
23058
2386
35904
12146
15091
54278
8866
24738
25074
15336
46109
18797
1104
22331
2299
26921
15762
29652
15227
17336
34302
26990
34628
57378
7764
26912
1462
38501
29284
13825
2012
12939
54572
25747
28
29923
53790
40166
14452
21943
51122
1788
52656
20447
12034
12481
10926
20894
10782
54649
45892
63161
20647
18417
1002
12818
48455
63535
29013
12988
35837
13685
23319
1347
1166
23202
26402
40548
34804
1706
29883
50245
31872
29721
13710
43820
949
16854
34825
12161
5241
22235
23007
39726
14538
65225
4920
32438
7105
9958
44597
16322
13616
47225
13705
49300
38342
8313
51249
19560
15540
23267
9588
39609
2474
4968
33432
9062
30944
57934
1400
28148
30938
9712
6120
53015
57907
19269
290
34870
30916
28996
6286
8390
53398
14844
21327
43980
28645
25383
29206
20002
5136
27746
44373
36989
19559
14579
48919
12755
345
37269
57273
10527
2069
49253
62847
26755
23497
30072
59675
40381
261
17153
59572
41839
17387
18255
18496
48066
34220
39705
28672
23360
22381
1719
48414
6847
22167
45096
41174
9136
51911
10935
20832
27006
8718
12465
203
2137
31568
49298
30185
38481
11546
18477
14538
45855
37488
59883
11340
21579
50605
267
18609
25285
27562
6813
1184
56730
58066
55118
9043
12071
16884
14147
17380
19220
4206
26106
1266
57231
38072
5873
19350
17074
780
17651
16340
62714
26832
45965
46829
8375
26329
17173
33786
19249
40209
6985
20770
15358
62184
30030
25651
3791
13576
52075
51231
21381
13114
18809
8164
33251
12737
30335
23391
13532
25083
47684
12336
20690
13626
35200
17560
36607
24791
61045
2633
9835
28588
33334
20702
43774
29458
22843
6173
12075
54709
59693
19206
21318
18015
61981
10910
36285
19620
613
30927
53234
21558
26513
1695
8375
22743
11919
54445
11844
11699
20987
3747
6433
19186
47082
33595
24024
52208
3875
16017
22857
3076
23619
29505
35786
4415
17372
22387
63680
29421
15687
52592
59449
24394
4636
28659
13410
17223
34507
23164
24798
25919
5448
27670
20784
16544
46053
34278
28181
36521
28431
60065
26586
15341
10764
29186
7778
21574
30831
3922
19643
4619
58104
11703
28763
15545
17162
55797
50972
60132
3674
32980
27605
4022
49634
41269
3915
59469
45378
1331
31205
34286
20714
29205
7784
16294
13783
10505
37857
44192
4253
34648
2379
32133
13260
60463
42807
30974
21966
31833
12349
62721
19617
38045
47951
4227
53459
8537
1644
36993
42843
19604
13416
3197
31292
19230
57944
53242
33636
52921
21783
9419
23312
31448
34324
60341
29852
17787
24695
27641
33859
38595
1156
12557
3873
60276
38091
12626
42354
60372
39288
65446
2967
28106
10404
55429
29878
24213
26946
14343
20418
26534
12297
40150
58318
22403
6464
33887
10838
34822
22075
3473
24855
27040
31611
11899
55256
26294
19190
44842
14605
1885
9021
29607
24958
32661
29338
13624
7972
7191
58297
690
11538
34590
27053
13070
11506
62281
22129
20027
50311
6927
14745
29300
47818
59559
31003
10413
14543
23842
49960
23154
12835
38914
33307
20246
7022
54927
52649
28734
49346
33567
32153
37520
2645
38895
51058
31764
6372
31241
6049
5937
8876
43867
15065
41472
11477
63184
35980
26972
36819
34720
64673
46940
5997
2300
31026
7773
51886
21928
27553
13318
46856
29969
24592
8943
15717
33905
6080
9024
16260
31526
50984
11986
31129
17567
589
49365
2136
21981
22205
22240
1759
12366
26584
24310
51134
22797
31723
42912
5790
11456
19730
38525
23501
14818
32167
7949
507
56166
33675
27745
1921
30346
49466
20905
56569
19992
49458
64245
33719
47246
42287
43508
20847
11062
51444
51788
63082
33163
53480
23465
20806
19700
16140
2534
23599
31428
41412
29941
18783
15741
15583
14715
53749
43887
27183
16754
8177
34125
50769
18167
15691
8979
22502
16761
31256
21049
11782
33636
28107
20228
43545
35833
12293
57461
62784
18745
49903
12878
33145
18151
61460
28918
63586
42157
27880
23165
18093
2191
61750
58153
15528
16987
24071
33317
17375
10761
18621
22776
18596
49955
24339
33564
9374
18065
26378
47626
23012
51648
9632
33037
20063
14784
28566
1049
15494
3518
62831
375
53501
18808
28553
57087
31048
4092
47390
39067
58666
26770
1578
272
44089
21326
17482
18476
63088
13997
5482
46397
21215
7814
25963
38307
22770
5852
12067
3604
919
23719
49236
52307
14274
1474
51488
16420
22834
40168
58306
52613
15576
65234
21021
62584
8468
60032
27
5472
26028
4398
27544
4186
4958
48365
53781
25516
11110
23167
25385
27582
26802
12024
19670
19825
45562
59538
23724
30035
20267
38627
8830
6650
16410
46670
30803
19461
12107
18239
17829
8456
12857
13064
48470
12536
35685
31556
58627
15413
3713
22221
46190
25630
20096
16366
35340
7231
19802
29843
58275
28642
57230
48493
30882
10258
22215
25018
6653
12031
6283
27881
9462
45920
56505
26851
12368
38587
23269
23262
33512
33269
20137
46457
8110
28354
28478
7077
24953
25120
13445
29430
22781
32222
17760
19204
58762
18803
17807
18345
15084
41492
29485
45112
17407
7693
18491
26864
12710
27644
431
13717
53474
31691
57375
17257
28505
32898
4383
57667
32709
11944
37394
23987
26924
350
30246
228
65019
23370
146
24603
28274
48781
53887
74
12799
1607
37931
4376
21121
49408
26244
33071
25439
23752
55759
20929
33216
11641
12100
61055
19649
48255
2751
15653
57788
63616
58352
20033
4814
45056
20313
18194
8433
10968
19528
15253
58034
14591
8984
65135
17824
45453
788
46803
7636
6973
9174
27260
29069
25583
40935
2452
2326
21308
4277
10694
15021
5244
1899
28538
38808
22364
32018
10709
18218
60391
49616
15795
19670
19040
30991
48993
21240
33511
3504
50958
40128
32593
12669
43838
30992
5167
37297
28847
31527
13162
8691
21937
36827
25890
60856
55307
6171
22400
20234
29720
23153
771
64856
61678
50238
18205
17688
4798
18308
7403
18607
29219
30703
20021
32603
30134
11065
19240
10496
40858
25079
35685
24557
4681
47071
13265
13833
4535
13283
51206
62197
36961
26077
3633
27995
27039
23351
17304
11295
4059
5742
43070
10620
50098
19703
60786
11069
32434
27927
24092
17217
17213
26213
35687
23202
42893
3540
59347
9191
10645
56905
35872
63908
22298
13871
64544
9734
4315
22800
29923
34923
35810
37553
32884
53166
54703
29639
23926
45606
29034
33934
25317
33900
29805
11041
33849
45067
14962
4886
2482
17138
8175
3635
34729
51376
58221
43666
49761
64462
11462
33820
28335
43660
8834
39939
33126
4992
29715
31590
54076
42500
51535
65338
61027
26557
11974
18442
6765
25315
64120
26006
15924
14546
39971
41396
29581
27376
60718
32777
52252
1506
32025
7
31966
42461
62879
27080
16346
33571
39938
22368
24231
49167
60094
2017
1428
29488
23386
7290
8101
5317
7325
41999
9127
7662
54769
15619
46786
34213
4979
14034
15504
64117
49156
10283
33029
11692
24253
29018
8322
10612
23567
58098
5177
60302
40867
21970
6341
14860
15340
54678
21396
1586
26891
32458
56896
8931
17327
10078
13417
2116
32666
13447
62613
48258
50775
41140
29924
36683
16596
49940
55587
11892
29990
62389
24360
6363
18572
65034
27709
11279
2259
10843
29609
28682
9352
9595
11796
36088
65519
53403
17527
35127
32112
4800
20768
4166
46917
46233
28258
7782
42266
3795
55810
29445
57556
16056
23948
3291
54468
53419
49868
14944
29636
45742
33988
60166
1957
15300
856
41705
28974
6976
16480
50172
22249
36103
28059
26757
11885
292
6929
39828
29019
4040
35204
17621
15968
55467
64060
26032
3915
54913
2664
44355
11837
42380
9459
9452
30369
10233
3611
798
52697
13963
39455
20084
63409
19714
52980
39169
6084
24497
10984
27080
26024
2671
24968
33141
41917
30963
23097
21621
15636
15712
11979
61250
45982
52425
22885
16748
6043
43981
31105
11524
20811
8235
24861
26893
42159
30120
53808
48281
1506
37776
65232
609
56871
32109
3603
34339
60437
9415
2395
31452
26133
55610
6243
6059
62739
1189
2600
31726
12506
19367
5565
11157
20244
13225
16119
49414
58285
14461
53889
49769
30913
10972
50040
29360
15052
4150
62588
23128
29903
2320
53366
35137
14837
9221
15366
11493
7416
54572
49739
55075
8284
4222
5048
19425
52385
1098
32745
11510
13488
1910
30132
32426
31686
33268
16366
38567
19577
17073
64931
31102
63401
61094
29096
20056
53330
46322
30040
21308
65512
25253
16465
55161
1342
57311
8075
41370
15206
56381
15176
1261
44004
64949
27894
29652
31383
24347
20115
47001
16956
32844
28985
62579
1245
9179
11460
28933
5990
64312
42188
22080
60741
51075
19530
47126
10818
17759
11636
29212
51672
4449
15535
43545
33056
8959
28830
16857
17693
6491
29289
6355
1517
34691
21129
15987
9164
34234
43164
18439
10672
4723
17077
14565
5807
42586
33500
10420
2504
27645
971
6011
11372
37898
56900
29454
48134
63165
7656
12901
40731
34002
44467
22339
16248
37346
14213
29657
60760
5461
6585
3951
60050
48911
62709
19451
19823
31405
12966
3575
2189
19986
63785
14746
22550
13393
21996
48231
53943
461
9289
22058
54932
30685
29800
38560
4612
19117
17591
15723
121
842
39807
14003
62385
9545
5462
4091
29998
32239
25946
18298
56507
10442
25236
10091
20897
27791
4456
25853
17528
17574
47676
18253
60298
54144
62269
5537
16689
12400
22883
5549
8230
32318
10777
11281
22810
8799
52445
58060
25459
20155
48372
37808
54225
25831
8637
4749
3351
61568
30458
13113
14925
30547
36059
27778
4889
12167
21765
4837
46001
25913
25414
47688
46351
44094
52861
6262
24052
1020
63798
42555
3421
18521
4310
15256
5346
7205
29245
4110
43054
51400
3270
7232
28776
16390
18353
17477
15622
2594
44114
27218
64589
17807
980
44731
10150
815
13689
6212
438
20667
19228
23616
8797
7081
21701
63700
25965
9461
12837
9923
41877
42147
3630
36480
20650
11377
17390
21719
33892
34790
5850
8718
4939
19274
479
54470
60194
43928
1066
54727
46952
834
17420
9656
18779
4628
2838
5283
22476
27722
19600
32968
17506
4413
12381
22677
32018
17630
28537
58965
11684
37146
32722
34784
18230
24338
9543
21415
10101
8754
34085
32415
28970
18287
6454
12216
3642
13394
38913
53972
35492
41131
63844
20421
6894
25802
8611
23409
16208
9244
64799
53427
63475
20381
43896
33197
29660
30047
17657
20525
29692
41323
60494
21757
64830
33631
9661
11711
21841
60211
10989
22674
3978
42424
30754
7465
20600
1695
718
3295
29245
28263
10427
4272
59729
9064
2325
8034
14428
14886
4454
45125
3873
28664
31028
20111
1003
53338
10069
60383
11827
52906
7848
24658
29822
20805
23775
46021
45402
44835
39076
34655
40546
25575
26708
12840
18970
10203
24210
12072
61792
29114
7627
2630
4396
7617
25478
30084
40471
522
9243
40152
7972
11354
4561
14309
13735
13076
4825
1732
6190
5368
62198
11438
48483
17411
12133
60659
48510
42631
842
35704
39841
15587
31454
24303
46417
17067
48547
31763
5211
9736
13352
33267
50098
40870
44273
533
10655
26225
1482
51933
8846
6948
43444
11558
17850
12569
12803
7078
496
6240
8049
19640
26165
24862
21506
28045
38759
19786
7009
10072
13940
25160
58076
2408
22626
65222
4424
20827
28975
600
14239
50849
2337
45460
2312
65035
42667
25217
54982
24926
9066
7900
43425
43503
63414
2017
9708
36077
26679
51062
4586
53211
33149
19171
49544
16579
31906
42345
28736
44422
61575
22007
12019
6578
64470
56172
17123
64497
26036
2799
51777
58377
54935
15863
17262
4290
5365
15448
6948
39197
21382
21316
41459
30245
14189
1936
18391
2202
9181
35062
3245
61521
18037
5399
15937
3200
62666
41641
58551
31135
13420
20641
47691
54473
55980
49492
18898
42269
11970
33947
44479
43023
29010
56674
13328
18567
51687
18784
30713
7673
16158
33792
7177
22101
12598
29547
21229
20907
10077
39415
60344
48057
28507
4
21269
22581
10971
32132
37738
22675
36902
26404
1630
22527
29518
34033
29257
59194
29042
31878
6809
22399
18059
28044
10462
13532
4001
49381
20213
1820
44632
52446
51506
54982
1734
42564
19058
24734
14799
4823
23029
14883
21021
49563
48550
17586
25593
41446
54271
33099
6395
12176
12007
2855
20909
49725
14217
56402
27534
38417
15910
57123
12103
22433
24676
10235
6244
30624
3835
35116
16182
17651
59685
11887
52390
55699
45976
19326
139
26654
55139
12390
59791
3477
12351
24650
60843
63846
28289
18672
12827
22529
12071
51202
50362
34630
5566
4786
13591
23768
9494
32331
48298
55235
44514
3579
63547
7872
42608
17381
47886
31463
15760
65023
47647
25305
4019
60646
4843
45270
8980
49560
30136
2662
20643
31884
33504
52620
36518
21065
6106
8724
45179
24826
36097
59742
32379
20849
30966
24937
32067
23879
62702
46153
17814
39343
19398
46126
9462
34396
6319
65471
3810
899
27287
52501
8994
4249
11141
58144
63666
37163
47627
37441
10495
45713
55851
1904
21772
22680
38451
48405
33438
7191
17152
11871
28130
1508
59189
55652
39967
20367
10381
137
37611
44247
38183
25480
4812
18924
5674
20874
44394
26080
2650
28303
23362
23158
13690
41994
53725
30758
4228
33148
4796
22313
10390
56982
42999
23919
40025
30109
59266
14837
15751
55494
55538
16810
22407
56856
24502
63172
52507
30480
21212
55315
2097
38940
41577
24849
61535
6022
27
28580
14226
3611
64040
10719
65230
59169
34317
7420
33243
13554
37349
34204
42751
1607
58879
38716
31445
63306
14169
21249
5150
39080
217
2227
57419
36133
36903
34007
30026
33264
11838
5805
26146
52641
2615
58969
5403
28721
2329
50772
24566
58531
26300
31830
65453
50939
16696
1838
22899
50133
12634
12922
13989
60414
9074
23356
55642
54606
12974
19786
36612
22554
21591
24391
63237
48435
62841
11933
8428
25353
9085
47625
57838
49821
6183
11002
9995
46759
7546
58831
1217
499
11964
42375
33614
16675
8413
2230
33122
48707
60198
3138
27691
18103
38497
3881
58152
25987
3839
14311
20128
17571
21783
28406
13263
28287
34680
14763
35450
27934
49879
34608
30889
6586
50958
10732
19075
48216
31897
15109
26849
64404
4923
35571
5989
21133
14601
7068
33694
23232
27664
38948
25896
13138
7265
13780
51004
33453
9048
55709
1
45103
5958
14987
7283
21968
2410
29351
25670
18899
44370
26505
15754
33201
58689
48859
397
22904
23436
16514
45120
35986
26311
19077
23541
51947
30568
9856
37260
27332
57837
12523
28891
57714
63308
8544
9426
8429
33653
40315
57322
30549
57946
63468
39917
17211
39096
9129
21674
18718
14032
16630
29359
28058
38925
40534
37775
13546
15881
6120
48150
46762
5656
39181
3975
65519
17654
55796
33155
21043
58038
2788
50167
15050
12717
15758
23361
25256
5453
27503
37535
42867
56111
24324
19221
62296
27090
42000
25538
945
29531
26643
7356
17729
25968
17297
23402
42495
45912
52040
26371
15048
16228
45997
29050
6741
21348
25249
14772
23561
3862
56148
33753
20399
58117
24160
35863
10436
11875
4252
3858
61096
10807
6595
44332
41469
19898
31855
11230
30379
3855
54289
24825
32487
9281
21718
6992
63174
40735
54085
8684
40326
28803
52756
14322
69
40313
6512
21328
24174
17056
50204
22398
17046
31670
33905
15041
37912
27924
22784
15764
47243
31748
2190
34084
32077
31910
31292
21757
26915
33444
52603
21992
21366
26907
62909
41130
33709
45965
38476
48727
19433
9422
12368
30477
30715
11371
12631
7177
21545
17870
30191
44764
32594
50130
27895
60070
32189
49430
29692
19069
28871
32621
48563
64904
47648
27006
3087
18421
4061
29517
23818
19087
32581
28583
13712
37655
13419
54024
4427
27294
47245
2074
17498
62425
50751
8636
42543
39474
61638
31741
7374
16523
63533
44291
37107
12325
20395
33872
61565
53520
35948
18751
26088
5172
18819
39778
33588
5312
57780
2402
54687
4514
59797
12145
48560
42541
5169
3624
19712
59290
57332
16142
22702
57619
27036
43702
59107
55515
23800
33595
37573
18315
10899
7072
47228
6097
1350
65454
7297
13183
59796
30845
47946
20862
6894
29908
48698
88
15258
22319
51847
30874
13390
49655
16198
62115
23584
31324
58372
43498
6884
15499
20873
29280
5814
24387
12487
21433
14048
12257
24429
32863
59711
45466
49775
32568
16915
16888
15068
659
45385
44195
47599
17846
10286
7870
18144
63460
28558
27929
15977
48274
37513
64848
16091
2456
29890
10986
18694
31468
49463
28548
20279
55842
12223
21029
13551
63696
3983
15120
5055
11211
54060
11096
52869
61839
63226
16170
153
5092
2838
10689
29268
51004
15974
58381
17507
21537
24088
36414
20660
29522
27238
16484
59345
17883
18844
20854
36871
54735
182
34409
43103
54427
46091
2050
61214
50939
13478
13244
6672
1297
11260
9090
56342
62806
24405
27497
4086
2849
3851
3217
19809
50089
41548
46446
46848
60225
17541
5089
48426
60870
37961
8525
37634
29714
5565
19329
21692
7860
9594
21836
5162
2721
53616
29884
12560
23359
33640
62526
23795
10910
31468
26899
5723
47555
40400
16236
24806
3443
28030
6214
45219
28635
9814
27015
31879
7121
8857
11200
29611
27505
8272
12212
26821
58297
51470
31016
50344
41334
30493
32258
60417
29739
45608
54555
2340
5216
5076
22465
14042
20267
4471
12644
44921
10116
6711
30981
12777
29365
14807
8131
3626
17829
59474
64642
36728
1433
20316
26908
57056
11099
3314
11618
8400
7710
9175
18153
52633
11761
17937
24133
23723
15004
19368
18598
37229
1159
34144
48030
58471
27012
12944
15212
7840
24891
28586
1105
43777
21564
27439
32703
41638
62682
63285
24107
565
23836
40934
4409
32943
19491
50525
14715
39011
48755
17632
24457
22395
18916
36534
37626
21532
5100
26877
16971
27245
8574
31691
15647
5886
19115
15679
21668
64585
14854
22397
21164
57519
21506
60043
7900
50150
34390
13140
3741
19710
59075
50954
14458
33744
48231
20730
17454
42284
15277
26816
25645
33584
17618
30822
41640
12586
32577
60916
1852
33956
19486
64570
24968
25968
62535
21429
31562
1659
62145
559
835
9241
19276
63235
34076
56913
62688
43636
57184
23198
48487
23927
31973
57760
50037
59285
59307
31276
11975
3448
44607
10372
7367
47656
23242
23448
64221
15449
11598
39041
33904
51083
26050
42380
56954
23049
32269
52274
29312
18224
33284
51354
29455
42393
15069
1783
39846
29609
15315
58838
41269
15832
13176
15137
33069
12514
20886
7520
3068
18501
18547
48333
31417
31453
56729
44391
38887
50037
21662
7067
60924
63281
23106
1019
23921
17737
49296
22744
44477
29348
41240
12559
15264
43636
12717
28101
48068
31240
16056
20201
32781
26606
41631
15790
29941
11106
1938
18771
60610
6903
28338
64770
17194
45249
33337
39819
1780
13854
34733
36342
39710
4136
22715
15086
301
7330
3275
23360
27268
4429
5336
10006
17149
38366
22580
36124
6889
18045
12584
1427
19436
65131
33467
22989
10872
23353
8461
23394
13237
16966
46787
971
50035
4945
60410
30538
51658
33987
11029
29375
558
2387
14709
57997
37516
28022
26247
7547
1655
1932
60805
31518
8263
5152
49228
63223
8473
4153
39834
6044
17930
15171
55106
22018
20975
31769
6557
32937
45926
29769
57055
18576
16303
11887
50624
17096
27348
35808
23359
33221
17494
7943
31406
24381
15311
20563
7806
41558
11329
16262
27161
2248
3741
28150
40736
9166
33279
33271
23568
435
23247
39939
514
45799
15393
8139
38495
54504
56977
768
8535
23320
51195
28236
9938
6240
13387
30174
64692
57834
4984
61972
28835
43322
16939
21107
13811
8030
10095
7651
28430
45378
1553
31718
22554
7308
7785
19329
2012
5628
11780
64601
25881
21612
36831
48547
41094
18003
33544
16391
22413
54714
13574
21172
37648
15132
58716
2899
38474
62409
14457
6418
12478
58543
12745
63094
59568
34752
38441
19389
18677
58006
6153
29808
28838
57389
11209
59609
5134
24595
43045
27205
60376
5545
968
27798
11134
7194
313
22620
19959
38022
32239
16464
39101
33499
33172
28317
28447
12679
30313
16580
48093
39316
25474
52594
21092
33450
31652
42084
19264
22881
62522
2368
40925
62857
20332
14987
21836
9481
5983
370
5098
64427
51941
20597
659
42845
31333
55220
57194
31594
5230
40562
14058
23594
8283
26731
10694
47479
9252
5278
51614
51760
31128
41024
2030
53047
15762
26925
15909
3399
38879
5736
62995
31632
34340
4073
31737
8136
28765
17885
13297
13687
58827
47213
8009
28990
42986
8744
26475
63328
469
18454
11341
33932
36680
28836
154
64610
31330
18318
36149
12091
4309
11464
20751
8913
12434
12648
33041
30261
13284
5607
8634
62961
39258
13707
3217
53360
59011
4614
6835
1641
2210
408
37293
1738
24000
56489
7957
21886
52400
31608
21961
33709
34648
27347
52066
19066
33689
29985
2145
32646
42426
8494
28840
8990
24590
18927
52449
31341
29895
15706
63070
17880
4548
30776
5478
25379
31254
17570
4754
45900
57309
29959
10331
51240
55433
48172
64130
64332
54072
6988
24431
16306
6948
58098
35397
43059
15119
64344
5097
5098
8465
28802
3931
23029
26312
24287
54881
15845
29614
2009
61780
32985
32958
24265
25130
47354
55952
14522
10165
30238
30644
14660
60771
52745
59843
21614
34601
1428
12588
34226
12991
63978
43563
7670
2042
15941
9480
39059
13413
7679
24437
19723
38293
12899
61581
964
21265
8471
34746
36451
56951
29230
28867
3737
23799
23361
62500
12827
41292
24652
24521
29615
12586
45268
27246
6833
29638
3455
6827
1841
12909
3577
48079
47437
14780
51495
8974
47176
13163
58780
18698
2691
15460
27132
36634
63187
15415
14364
12978
47530
61720
46716
53309
24259
51684
33579
28785
18683
64257
29042
15417
44384
24419
39668
27298
32146
6713
42586
6847
16916
63124
2206
28661
585
46930
25824
1402
10179
17025
55194
47689
2464
44090
20529
63022
1791
13191
41402
2826
25080
52595
15588
12368
23153
28868
52320
25783
14278
47283
41365
51936
23078
32033
43175
10124
33594
2149
28351
63888
41273
42077
1312
17907
17549
35048
51953
12730
47926
4439
36985
58176
5521
38831
24118
18818
49420
26253
25108
22709
48098
29323
51144
12878
3996
8749
47148
13717
29622
45684
1505
5759
12192
17602
12375
23420
1251
34384
1323
23108
32611
46972
17787
59343
3073
29492
22683
3489
54517
4538
58719
43230
4318
64323
8096
14078
58561
38745
42018
36064
47303
17043
44855
22988
29979
19762
19471
63968
25102
54154
26049
51969
36217
7245
8301
11451
16903
17233
33520
3099
12903
22806
7573
26866
22206
21448
41273
64666
34776
19023
18758
10646
57115
12278
38841
60964
3786
65530
30073
24499
12148
12638
45282
9836
15554
14862
21779
23655
17506
49588
13838
12719
18208
32105
32655
32207
43144
39211
43049
20343
5756
16997
18065
31701
7001
41666
9465
7390
12837
3380
5447
16040
45541
38121
29517
1569
48350
17356
33706
27365
39659
221
3974
6254
2738
13377
26035
62217
33398
23570
12041
22567
3619
3812
1812
7830
14435
53093
610
28523
9176
39532
59754
57422
49046
33038
13103
48654
9762
4869
27479
2492
28541
4826
54791
1128
781
1309
18242
11778
14362
29446
26618
41236
2904
28478
18533
27027
59666
24374
35023
31000
39255
62839
14039
53681
33934
23404
37014
36724
54840
22224
23744
41818
43123
8526
31488
51268
10242
10354
34293
13980
2672
18189
17769
27725
63796
11960
12978
27865
31164
3660
9984
8603
19982
46494
656
17553
50940
22677
944
50526
9931
5929
38737
35224
16511
2105
18907
45122
58066
5976
904
30947
14184
63676
13266
6505
36650
63176
27952
61398
62243
3327
34090
13897
30420
62050
25685
51353
38784
10755
20761
33466
46376
15926
5253
22067
2388
60381
55847
23190
5508
17198
15478
8280
39045
2768
52223
39118
28070
25223
31099
16110
30776
22203
31978
36731
55211
3324
32004
26663
10983
17905
32034
13670
7925
34332
18820
17345
44369
34222
19008
49357
5859
50946
53309
18946
37966
9496
12992
55791
60400
8937
5858
21613
7791
55170
22309
30707
24060
56610
14892
28471
14555
50400
33894
47389
30083
15424
27979
36887
43284
29290
15530
59469
17510
23542
3633
37811
9420
12806
25164
8789
57155
18267
34492
4578
64371
35300
55816
36852
22953
32688
19057
14040
26562
38812
14047
51411
28833
6736
24159
2836
32113
39979
10368
19948
32740
7270
14479
27093
17260
37990
6231
41205
42732
34398
49580
59449
18628
10339
1894
32867
16542
21821
37634
43743
35470
63562
10184
42075
6936
46730
34453
11409
34462
34378
17279
14617
7174
6814
16873
16460
28968
25333
12764
26094
56164
14860
58705
21569
16583
18987
33055
747
43831
4556
12246
54325
12450
9080
32978
21912
30495
45600
16708
17711
53837
7959
17760
15465
915
27880
16957
46218
17115
42737
65092
2926
22879
2102
17790
6572
5218
27228
41891
48078
59335
23057
25384
28783
47988
3914
31707
59307
19600
13833
20547
7617
4532
42289
38881
9321
16441
16271
29959
65369
7197
17116
22348
25918
11978
59764
8805
59840
28143
37729
3455
48704
28366
4615
8855
24751
21193
9190
53248
971
2601
46650
61244
8294
23025
4804
7076
28827
26165
26068
59439
35417
8696
45985
14815
45716
39068
5403
1060
61032
122
32438
1635
23321
35523
7287
34289
51097
63834
6520
58739
31632
47311
6658
61551
16118
35886
5715
22590
53203
45029
38913
13416
39679
16205
11770
11793
4754
39663
143
41036
32064
2306
54565
26545
10439
5876
12262
11761
14499
11944
32736
10789
25176
33644
63186
52165
60763
3967
12997
34255
31183
13567
936
19777
23965
28318
23998
1766
26342
15948
38862
55069
65404
51493
41499
53592
56190
56037
1254
1068
13114
32493
25164
50838
13562
5518
53795
36799
33418
38959
8824
27726
26537
44934
47616
25405
21760
27825
57117
30956
26948
13955
10786
4327
4956
27947
23026
28998
16910
30605
51608
28053
48038
12950
7934
2871
19630
19248
29733
48350
31041
24305
49943
7857
8953
26593
2250
28773
27385
30162
59046
38724
17551
8470
42067
5806
16848
12936
6840
19287
19575
21769
33466
25613
59793
2553
36072
52218
18844
24824
1452
42978
64657
37357
10815
44416
7201
10117
32151
46276
48859
31351
18769
37263
41272
6842
14891
19542
20335
47189
57621
5688
22780
2466
8204
52967
10493
10092
3792
54862
36144
19729
47277
10839
56362
22799
30141
29876
31917
27306
32634
13306
34632
10491
10528
64365
30839
35095
9551
4277
61622
19636
4655
5406
58748
33303
60157
51870
13871
15072
5032
7186
18298
42911
2350
31744
22416
20280
1746
22488
55334
35386
19762
15564
10516
3131
38135
26338
13892
30113
20059
44162
22412
35183
25599
15358
26432
25958
40308
49505
4514
42299
26206
26162
43206
10507
45764
24653
28324
11256
19005
59785
20170
34816
1347
14921
45827
25793
2344
59196
58800
24413
27464
24275
4663
27612
36391
11616
9325
62430
22034
2166
31694
30222
19633
29649
24418
21467
63622
23713
11604
22823
1098
45194
21902
36188
8802
6248
37687
35983
44577
27858
8968
12705
47630
32948
7434
7518
21872
61924
5367
65063
8553
47849
16918
1649
53081
4153
16272
13596
5680
43309
37725
44141
51644
14611
1332
3671
28512
18265
33096
24722
8552
19286
25782
3420
9703
14202
8426
61556
24410
5911
5459
19030
26415
23576
50523
54310
5814
18596
29402
52531
57663
46221
4519
31009
7692
17499
58480
13107
17891
63949
3507
4153
26239
12604
17929
3146
26506
22495
29008
25172
28446
22980
29673
27654
16539
23699
14695
2167
7415
39096
25624
14120
10496
36577
12510
683
55818
46825
28076
17950
4898
1025
20452
29819
23319
31014
16723
2329
24958
60537
24353
21909
19033
28891
35184
29320
21946
31753
54588
3343
11516
198
12261
20488
33550
22298
23454
7459
8676
62808
23645
16972
38351
62461
741
1755
4458
63775
14512
25394
6047
39208
52325
25141
15093
4415
45527
27362
41787
53415
26169
9579
33243
54065
859
33122
19020
54331
64823
5738
40411
17888
49379
50194
8881
63665
27682
15941
46634
29409
45499
55236
26626
9673
3782
20634
25253
62154
48109
2640
34248
10004
61869
31037
32143
37595
21896
15034
27457
59796
18325
33609
31246
57763
61833
816
16585
29595
44273
41619
478
48782
28297
21103
20261
15176
18142
64190
7012
58390
18546
22174
59405
20140
20877
7338
32896
16824
29680
33877
32104
888
9875
19857
26669
14772
3135
11303
28062
11306
27877
55550
15439
23419
18029
44149
22196
3383
65150
25010
27081
50755
59297
48704
35927
19333
34049
7982
52410
23273
22006
25377
12453
30098
333
36362
20631
61624
25907
12652
46145
59368
29733
600
50472
5265
33948
20714
33354
6915
64425
55346
38481
62381
31833
19361
31294
48958
32086
33918
20485
5328
7753
2362
64872
6309
30712
51483
17520
48200
57238
22148
11389
46582
16175
27207
19711
14218
11994
4693
13285
4620
7061
21274
56387
30677
49699
3533
65240
2948
17348
22555
27191
37575
23573
18845
41928
46051
32359
13662
29963
506
39162
58186
30102
16455
59803
17277
23042
16219
6344
26051
27166
21452
29202
36099
62726
37254
43196
1195
22465
62332
30515
46625
17876
55473
20790
18951
44627
50502
34014
15775
32991
53842
20092
34663
4596
58492
26408
29463
4806
28657
2773
9391
1040
49375
25771
11528
17144
40818
30037
1808
20467
44713
30858
15488
28146
52604
29768
29800
26424
61579
65465
64078
24596
36187
18000
36709
57985
36098
25954
866
7522
20815
17369
57248
8113
17706
7530
1489
19605
13668
9063
20184
2067
7747
24800
13003
2161
37131
31987
4036
13044
8919
65390
21655
63568
12153
13033
41606
20782
38480
25244
62733
54754
24244
6611
18152
18535
6039
23062
55526
39190
15456
10825
56069
37053
270
20867
23977
50227
17264
49826
60686
22719
11949
4207
41209
32700
27961
10049
2676
4309
10387
31971
22819
15982
10455
15796
13936
719
21537
52372
43341
64709
13556
46097
55996
21958
34619
24323
6238
32281
53297
47857
49520
61627
18555
40930
20077
31560
59264
48373
9844
60032
4602
22261
32375
55559
3579
4114
2217
10839
62643
62148
3018
40162
51549
31728
62027
7714
4507
55974
30146
51151
29397
23738
16550
31329
8457
10513
16315
25813
17613
17936
30246
34444
61410
56298
17657
16036
11072
333
19800
14756
22140
19426
193
33790
64220
856
30860
27162
46793
48152
17831
40907
3059
21911
22504
21209
19849
56610
25461
33234
29517
58067
192
29362
6766
13394
25601
12110
51235
29111
47652
23654
11399
32240
20089
7219
62259
5000
18907
24679
57855
59888
27079
57850
24542
53383
37967
30693
64598
7272
11178
51958
38850
10583
52505
7046
59378
39101
32485
12377
30213
8116
23615
20016
49081
33209
492
55712
28262
56248
18101
30977
1204
28751
4851
35830
57346
1952
12722
25872
62859
34
34115
18817
8449
8286
27475
8870
8873
46319
46655
12886
12891
21853
46890
63207
64705
9658
3183
23028
20430
53156
49233
17914
27212
63180
52829
42712
29975
33170
56172
5993
20075
30783
1162
20809
22206
44070
21354
16668
23071
45161
58598
25473
16374
42912
497
11351
5446
22696
28959
11043
46737
37909
38989
29256
18233
3993
12003
10718
11896
21538
39745
16639
23562
6811
450
17878
61155
55462
43391
1788
61593
51053
9822
35842
13431
59783
23228
5770
7268
8308
58757
31974
16417
11381
25814
25953
46718
59295
29118
56570
3181
3608
16247
18653
32985
34913
30808
48481
42684
29275
40197
38
28378
34768
39587
20781
8233
1438
24657
282
24913
28104
23655
29727
24873
233
2411
10702
26489
11501
33974
30386
54462
27866
31956
5144
55670
55999
4745
32893
18067
57812
3364
29265
23908
8148
21323
27279
11126
42574
18527
13309
17563
33684
20354
7636
2389
38908
51425
16008
9946
6159
33051
49600
57195
21485
20360
11042
28842
2632
62533
5198
20114
8604
5622
14034
39821
35722
7614
58523
17363
34776
88
10953
10438
38031
17690
53896
31541
15665
60185
33330
3120
56488
4601
41509
16715
3683
7440
33726
14833
32227
8474
14954
41312
32750
22539
18494
56879
34686
56124
19946
59048
1921
62671
49757
11020
52923
46257
20353
18693
31493
48953
22838
27014
35571
13112
22327
56348
3506
10846
3769
33250
9739
49804
47845
20723
30966
21212
625
54649
58410
12596
664
18844
8251
26911
1053
13761
25633
3790
23203
28630
30962
60471
4189
10170
4276
30023
27988
50120
9108
251
3295
20787
5386
32202
41169
51365
25696
46780
25306
58138
13889
53546
26827
17227
9157
3122
2891
5363
6905
23337
33596
65035
26467
10306
13933
28032
54760
53575
31560
803
21088
30332
1565
4830
2334
62740
5302
56586
4081
32971
31341
10746
42530
11041
52469
48809
9077
10557
42275
7418
60586
19193
57757
23597
6195
24838
6875
28955
1964
19418
30198
58580
10527
49257
23866
123
60817
9691
39973
28059
7978
14837
55461
59955
10209
57013
40387
47803
34090
16760
46181
50242
28129
11987
2668
25245
30481
52692
15051
12193
26389
34061
7425
8162
12926
6880
59921
52642
40158
25794
57457
4630
51956
5197
64028
52804
21817
1970
1997
28998
32194
12266
20941
28532
64160
6917
7114
2133
32429
23237
13471
39028
32490
27581
14855
60158
46604
7917
33481
49329
30894
13860
13356
30956
13852
20850
11667
19914
34262
34436
25418
21358
52108
39169
24694
29894
32455
14657
18831
56798
18685
30981
48461
29981
7136
2075
36797
28070
12964
11434
32150
52245
7701
50227
5703
3190
35242
51505
22345
29556
59203
54152
21316
17444
10354
52756
34028
7567
11241
3855
56250
64465
28655
30192
12788
62088
26833
25209
24334
55969
24443
14044
30308
6243
20437
4211
3575
65493
3328
13420
17225
13535
16375
30748
56848
56548
27682
35869
33914
16741
16502
39168
20298
199
13048
45397
9839
55345
4131
19314
1525
17600
58893
59754
19119
64968
32783
60662
105
14589
10878
57913
21086
23598
63671
16402
401
24049
11977
48465
7225
25410
38981
10124
48608
57999
32111
27092
16299
20981
29438
38957
34332
22350
28710
39366
19327
45131
20690
50779
31817
24119
19743
54627
64392
28505
15292
54371
18744
16329
974
38603
32873
29972
33845
14150
38097
27709
12194
718
28528
18321
17501
12491
16253
33751
40669
44411
26684
24064
35047
38871
19441
11178
6398
27158
13467
40687
27579
7450
20493
7550
28668
51057
16159
56024
31686
49067
32204
26852
65206
672
27721
16982
4695
6502
31610
25310
9106
32975
1961
50625
6069
6125
24143
21422
12417
4069
3888
15676
24878
59289
23962
22705
33017
65198
10371
15000
59458
14006
32860
51170
9833
23706
20198
30626
10095
1256
16870
26609
23040
16096
17909
53228
53553
25129
41565
58549
54332
28839
23707
38315
8478
54003
15353
34166
29574
14621
25137
7040
25276
56109
28730
44695
20021
55179
51663
12184
10565
318
34422
21556
48847
58564
17385
24739
7683
15294
608
34096
8551
19606
17273
12699
44220
6815
1329
50116
5427
15499
25331
13376
52404
22295
25382
54205
2122
1945
17255
12151
22560
33267
11047
39573
3921
61656
19692
22409
1420
41450
178
21345
21602
37882
17896
37455
5999
27105
19889
6761
19912
39694
27437
9315
25708
3820
50436
17343
26784
16414
30481
17129
4990
19633
31663
13393
65007
46137
32000
54198
12012
56075
53363
56143
11598
16800
48653
57342
24207
25518
32681
14140
28304
5638
8426
38378
55575
27949
15880
39656
17631
57971
23312
30078
8708
28470
31197
30573
17343
33820
10366
32153
6490
30489
49139
2754
31756
26758
57589
15089
33471
19504
32924
1929
23781
30334
48851
54526
41284
31120
44977
22079
39525
58131
13468
64384
35892
39860
38889
15619
55656
17173
6635
7860
24474
435
43646
13259
29368
27507
1445
29278
13815
23107
3614
22230
16502
37857
14223
50237
39607
79
7616
243
12578
18636
39127
42902
425
39316
61687
59532
27029
56682
31266
63425
48366
27716
14604
9048
9375
8541
58308
50164
8804
40694
11219
35523
59156
41354
19881
39540
16869
10892
9250
44451
3408
208
7935
54043
28970
659
20086
12216
48347
60105
24055
48400
24181
9445
43133
37579
25730
2235
54995
32419
30763
54664
25274
12420
30013
33375
58539
42229
60320
11930
49194
17427
61647
23418
957
10210
3527
12924
41561
3621
1783
7008
10255
12818
10277
39804
30307
17547
62990
32859
52169
26698
9154
5368
24802
105
64793
36698
61764
35884
28971
28742
24750
19192
48924
11954
29136
29589
34437
60469
20759
30141
28990
4144
55597
46862
30714
47658
15906
5597
45561
23785
44406
59152
53641
11586
28338
32857
27010
32559
19514
64525
7021
28910
18672
11123
5853
23871
51217
35387
40473
4380
38444
64081
52076
43869
9619
35518
13641
4575
5879
24831
14393
38497
30534
3471
9363
22293
30721
16513
32577
26936
54596
17698
4864
3856
29723
64740
26338
3935
22019
58940
17230
1263
41526
19931
28159
22705
14523
11873
50345
40285
5533
12481
3178
20141
20105
39105
20017
9952
45733
63323
13510
16402
16811
29744
24043
10531
58656
56713
28457
52996
4345
41910
20076
63495
62280
60568
3697
1683
2599
58485
26227
26274
36210
28116
31433
14767
6070
12520
15336
13390
62896
58522
19725
63082
39086
14280
6084
62452
55746
57199
37892
29660
32240
13539
38700
10784
1423
28940
51741
21542
51478
3720
4228
37555
8976
35732
25330
12680
63771
10275
62615
15828
23640
29265
7252
55426
9002
41605
26470
53766
58905
65321
33074
21579
13511
16575
64210
43131
6662
57345
10822
10332
7053
7236
24316
34803
34511
62421
1577
64180
1307
61513
53037
20642
15397
22682
23838
23797
24550
11537
8383
14314
22928
871
29002
30289
61728
31637
23705
12332
10652
36994
6306
49179
8482
57807
57315
38344
16371
15033
49297
53991
14172
26449
32646
14720
6849
31810
10542
20701
7063
1123
20534
43187
9893
20033
15226
1672
4131
49854
4212
13906
63032
58517
20691
5951
35394
64568
52214
25937
51182
4954
59188
12837
19114
30391
12657
63821
8003
54041
9315
58194
16962
24280
53283
52175
12907
1597
33533
15994
31597
23446
48329
5068
23198
8020
20225
56060
33482
15814
47119
37075
33252
17558
32116
8494
7462
43476
61887
11766
20710
3222
51786
50188
50900
10668
50641
13338
48184
25990
2308
50858
24283
57996
50383
53738
25896
24826
36920
20614
27247
9037
32148
36704
38932
14224
58837
55390
26175
62458
51732
159
4668
48435
4631
53504
10327
15609
15124
855
60401
23050
56181
57676
30327
13879
23449
7851
63065
8071
49866
24807
15688
14229
29860
13086
28300
28476
33810
43631
64588
15562
15430
51440
26772
46868
47916
19229
34856
31722
29349
9019
17828
39916
42286
12762
23510
29074
22968
62786
64115
2745
20262
27638
31713
19570
45484
30748
14919
63175
18679
36020
11059
23435
3358
43452
4209
34961
49775
42614
5797
28855
14183
48899
8551
31484
6367
26138
15849
19793
42151
61148
38793
17141
51239
46088
55249
50375
18841
51500
18028
2926
31744
10063
5831
34756
5666
27690
2508
863
46399
49605
60555
61304
50369
24371
26800
1563
8786
6055
32371
18186
18715
30679
14785
28853
42663
59034
8982
39275
43663
61032
12577
1296
31091
64704
18481
47545
48019
12245
21126
16364
10950
13624
21109
20963
38151
21100
2477
21937
24272
28501
45151
16877
23034
23745
59578
14499
5369
56290
63058
3606
244
51318
8905
9826
34077
8001
52525
8932
51153
6584
17175
34864
5108
45694
63564
27680
8968
6463
4535
1814
30192
55643
40966
11304
3333
4246
25319
50821
36299
24291
43359
26215
24158
26592
27434
1104
3113
4854
13971
14605
57373
40512
52954
62653
15184
39327
20763
1756
59330
22600
24771
33409
56528
17489
25112
1434
30507
24614
8969
38917
36745
32506
29940
24425
54055
37416
27161
49061
27285
48727
5354
27789
44914
35598
5457
31170
3225
41311
47319
10297
16353
5580
10722
45650
32674
43757
12469
63965
32801
44026
26492
12486
20205
62925
7446
13022
32693
9075
6344
29337
632
10096
23528
19124
21614
1349
15650
542
17009
41872
32348
2945
41433
22916
64828
31457
39000
5222
27708
30641
27171
18326
621
42756
57592
22116
25705
30535
46402
13271
33879
20992
27688
63614
7934
49389
11109
30319
14820
21608
9764
45888
64550
33010
27305
16317
9786
33344
7956
33029
62462
23349
44094
28407
36982
3739
25515
14321
45978
55226
35978
5472
56325
57392
61053
63046
12619
4429
29381
5732
12576
13285
21424
22744
52509
2877
39347
31100
784
52529
30856
3258
10260
7980
38758
62366
55747
27484
15195
3731
22844
55910
8119
30323
7543
15056
30388
3249
47972
32709
29635
21454
32292
15219
13031
13143
59424
47606
20984
30851
7658
16287
8165
7410
35441
48108
16295
58116
24765
59674
14848
41298
14721
17370
44092
4814
52302
33298
11886
1147
28442
6337
49264
9070
3520
63493
3224
62070
38135
45729
61239
52262
28530
61650
28029
1256
57052
16462
42005
22332
41639
22137
62063
51198
41334
48869
33258
37538
21089
4221
27867
65482
34559
14472
41198
32057
17909
49006
15172
38422
22620
19913
56500
47210
57473
14617
23699
20137
39136
7706
19733
36453
27977
13600
3625
58117
4866
8958
29767
29849
12152
18830
13369
34332
26065
55175
16337
39192
3905
18675
59680
21457
51228
5542
16820
61777
62513
4222
32334
33044
34188
17711
17540
54468
62841
10142
63070
16623
23397
65317
3802
40154
31072
19466
42766
43557
56833
27554
35330
37337
17995
8743
29863
21700
66
30534
2937
54417
19444
7967
30784
18197
38727
34767
16109
2466
34131
10340
61268
11919
13691
28355
8813
45066
15706
5291
21008
18687
12436
64030
27229
38764
35108
699
22005
31852
5612
19288
10096
33783
42561
10062
24137
58413
62431
1740
65443
46820
27902
21496
18893
38842
51792
1243
22420
14567
47512
14548
42648
11654
43119
13905
5958
57795
12965
46095
15642
49829
12612
30494
16906
27446
31473
5440
30534
8154
14504
33848
3282
39467
42247
26749
33488
13754
32858
33535
52172
2144
16915
1753
14292
33587
26446
1263
35569
58924
63752
10813
19576
2152
33499
30223
929
17442
19924
43751
11222
23322
11664
43354
20575
23223
3926
30092
57036
26967
10663
29180
42422
38814
4035
23401
17935
9269
23031
24744
30785
27849
31621
51064
16018
18948
2228
4430
65306
59032
7365
9677
20102
377
12596
34415
32635
12353
1136
15384
57866
18095
30178
28306
10577
36065
23405
5331
28988
38672
55186
3661
26163
55232
26776
4590
14530
54123
38105
41127
46885
11840
41423
5137
11505
26301
37937
10468
11405
12902
56141
60039
443
27043
30392
44854
37710
2509
28730
26802
334
39409
27023
6263
23751
16954
19203
25345
15693
48773
35044
58499
13136
20646
48134
28735
55050
53191
7495
47617
2881
49430
48110
7504
27005
12576
18267
13378
21925
40542
30015
14261
30156
15751
16904
18822
61707
1774
12662
33637
33650
19886
39566
5756
17287
5991
49878
48024
59201
38338
21931
20966
38738
46573
28095
28241
40159
15990
3707
22977
15632
48831
18286
1639
20198
22268
65285
1878
55300
39230
33325
48058
39097
54426
30367
13822
18993
26736
29581
27332
6030
12439
22990
14546
3828
46971
61954
20776
30037
33358
6752
3872
30652
3153
23131
61881
11502
45360
13636
2050
12029
7626
22709
14941
20696
1265
38614
29031
29181
18590
28786
31732
4605
17911
40656
27288
61619
24330
26769
32308
19179
34055
31328
3135
9319
11314
24752
17290
45307
31229
24122
9537
30076
2063
52875
31398
16831
26058
8413
15711
23439
22198
14376
20922
26093
24611
635
26746
51455
21851
31320
29418
10861
20129
2966
18401
28339
33360
14184
18252
21031
52738
900
15338
32279
12867
59556
64867
25782
35547
5341
7477
26619
41327
26102
22839
8040
44928
53716
16559
63501
16716
25374
20888
4567
46346
4810
5464
4165
28895
53900
25129
35384
32338
14570
29385
17690
22625
28970
48040
38080
25176
4107
33416
60792
35128
27575
12799
12574
29270
11110
60323
11933
30719
15968
61540
13923
12035
44501
9662
7094
14480
8990
35014
24139
40435
55729
27388
19984
24502
5052
30675
493
62293
20519
33249
16359
23601
37022
10689
30105
29281
22968
22878
22987
22687
32461
8635
49892
13146
196
44550
16861
44915
52086
3542
56636
27568
18246
13280
8478
1539
25958
33134
51837
19639
9334
29119
37687
58197
44240
30841
44662
3993
14949
58152
65215
805
6481
27710
16724
60844
21113
2049
27366
22084
13021
23687
9212
58050
23083
14715
1307
8288
3387
28445
36437
46532
38741
32183
50841
37988
24267
33467
18905
48221
13149
705
52854
41837
10633
32174
26470
18801
17183
27133
40407
10033
2606
59756
8631
63409
21282
46276
18886
43368
42859
1579
14174
25967
25852
5515
48176
8253
974
2729
7950
60896
4451
34740
2874
15096
23010
25677
25696
9220
26879
22017
7405
24868
42308
8768
6950
2810
22765
33238
42392
6784
46524
54865
40192
17128
57660
57222
39194
8095
16512
947
8782
19143
28678
32815
54250
53775
5408
32279
43073
9767
25587
25898
29542
23999
38047
21278
2610
9436
3980
4737
29195
33924
10987
31320
29555
24938
23037
5340
8031
102
24076
34460
3623
1966
10512
41901
26674
61954
1422
2552
30209
14780
12577
7971
21620
27745
25702
31457
19941
22658
56578
6419
64542
41242
46191
712
19207
3021
45681
25488
27467
58682
40029
23577
28883
47015
20891
7812
28158
35044
23448
57060
43571
9200
28203
12234
27748
4466
60548
21150
37799
29589
22354
12878
25533
16617
30847
16514
8416
26855
60326
5122
15078
5716
27981
14940
60145
53128
46226
27750
59770
24532
19497
65283
56087
42450
47362
17582
47789
27412
14838
11112
45801
56730
15962
65270
28662
14837
15623
47403
42152
10276
11835
6144
35376
9094
42295
14343
2479
5644
39756
65368
21300
1792
2287
14758
17706
15405
1239
11957
4155
14618
24652
28242
7384
11277
50171
3473
4734
19821
28078
62624
15707
24711
38806
5259
30702
22969
14653
13214
20393
54645
742
47969
43770
13862
30618
5104
841
21426
48587
27466
11440
51694
22904
51777
20866
9959
58784
31080
40002
45541
30537
2486
60235
26455
52550
31214
16652
18370
25137
26442
19067
27438
50804
4493
19224
2189
27479
16373
14166
20659
42368
39185
14027
59637
27784
60217
18501
55233
57927
45785
164
20429
30560
47718
30140
16618
15355
24499
12453
19635
18148
44622
60265
24721
7177
7708
48815
25444
6666
6759
469
32320
12605
41677
6586
17019
59154
62062
26440
5238
28093
13877
28812
34903
43179
9321
63017
13400
22430
36542
36587
61248
20636
8680
17464
10839
25272
1949
64063
31361
22845
4013
47886
17234
47655
13367
25542
29614
46692
11536
33131
1670
25553
34228
63055
40460
338
8770
27550
1911
38704
8278
34519
5301
38381
60101
14389
18781
45590
9795
58242
4866
3716
18846
12118
63985
15833
43772
58645
58579
15664
10416
60036
18368
15520
30305
54647
19266
18528
9710
16236
11979
28794
28494
31567
51944
53473
33146
6178
28477
20361
1871
54348
18934
11536
1687
17263
15758
53085
7178
27530
13455
251
22676
7689
15911
22989
44968
39932
14722
15188
42807
24718
1811
61426
4218
9144
15762
22193
20926
34534
50975
29569
19991
15373
17706
11482
65139
8221
8293
47679
3883
25299
5957
55263
64693
63120
63888
37969
3586
5140
20773
19073
34611
990
58981
3717
11019
40867
826
20832
35504
40229
60680
28890
6719
42878
35477
27997
9397
30684
24501
4093
1676
9961
30387
28005
45632
17233
58961
12043
59938
18241
12865
24925
54762
474
7678
54798
27596
17038
16291
55368
17054
2105
11617
882
31553
37496
5734
65034
32250
28756
6144
34488
12013
23918
26618
13635
20036
58184
16471
30376
27310
5392
8888
7097
14143
23078
26232
21597
52022
16127
64884
17563
28715
14406
64283
34068
9696
19274
37646
7152
19843
35506
4901
25094
33932
62150
59842
57945
27604
24053
30165
26686
8417
30066
59330
39425
27169
34474
61842
8667
14502
9958
61202
15924
6432
27800
55563
27455
14509
7897
31430
37226
55681
34727
51085
30502
2593
19345
28975
25126
347
6680
16950
25480
22331
5726
3301
53113
14109
32199
6506
22664
16406
51241
28139
26076
13158
16201
63476
1544
11546
6765
38381
3925
32701
20549
4789
65512
41790
15680
58788
10625
45151
29309
62796
295
30575
50110
24470
19245
46755
867
51318
28889
46033
30016
22655
33574
51818
30082
62714
37014
61392
22983
29952
28205
31314
54988
25066
45643
2077
63895
7004
62468
25963
30310
21399
26971
7400
50614
45594
6799
2016
28465
52291
27411
19711
26743
64022
9783
19549
4779
33611
64317
2251
37779
26008
31460
41347
39300
43316
593
27719
62922
28097
13335
7367
4429
33064
28516
34621
43424
19523
54072
21391
64254
25676
20831
65092
20814
56730
36007
31954
10548
54158
54302
61886
13499
16459
23500
40553
16964
49964
9254
13582
26484
18246
23939
38676
24260
14996
24671
19794
2718
62374
22767
37121
46011
34264
17492
16080
8825
43087
28201
8647
29903
4682
65422
13110
4774
55047
15025
26289
45121
16507
1229
38401
19323
60591
61875
50333
21628
49453
31328
45392
25159
25208
309
4415
62400
26665
32954
24801
46909
41176
25963
10465
25337
44495
45836
21893
40615
3894
8091
254
40719
19665
21932
51786
58457
64315
60723
63484
17160
23608
4294
47134
4157
3834
6981
5467
48854
56708
46859
6079
25189
29366
33874
4268
1789
26854
58626
62270
3943
12623
9508
55476
16176
959
6714
6123
27357
31050
10026
12213
14850
8880
9797
5284
50177
22017
12406
10163
61683
27835
24804
18896
9386
2124
17047
13507
19185
20263
9767
358
35257
53979
26293
23740
29224
34170
65237
12152
21790
57129
62983
63207
714
10992
35221
3110
10829
49067
35082
14978
29411
35984
40350
63023
46959
8920
55419
29873
16173
11507
8454
22851
10482
31838
45931
28668
25268
1943
7193
18741
59741
22936
986
39617
22086
47995
63593
37396
34283
799
12496
16374
55219
12564
14763
9272
22917
36098
27204
42819
11288
12029
33813
14736
111
30079
24293
6311
1197
6352
46961
1057
10696
21127
21510
53069
29317
6753
11164
17251
42351
16660
44174
11549
50205
3951
33549
23406
666
28083
33993
8670
207
19379
61063
30114
47504
14540
51626
62387
26142
25014
22997
23442
38204
20222
46649
7289
40913
6187
17732
5927
6182
33257
27263
55171
375
59326
15564
24453
4371
14990
33344
16527
32697
4912
18029
29519
9739
14908
27889
220
11047
19418
19064
22136
63882
27399
1267
16614
41940
50054
14324
16898
16340
31242
10639
11544
54084
11106
18161
47304
7349
54598
14884
50154
43816
35944
12074
49515
43247
17279
50097
18930
28541
56155
18649
45541
29846
3313
23751
28719
25410
24027
4890
23650
52502
4247
55345
31994
59526
24899
45727
30219
26066
37709
46552
7359
7763
62196
25159
13696
11360
55463
36223
13117
875
24545
51640
33683
3265
22111
48487
34143
51245
33693
56784
11199
4301
23535
27499
27365
7530
15442
28345
37757
12984
21443
33573
36395
50280
13960
12780
36898
26033
13505
27959
16737
26063
12036
30603
25697
35027
23345
22162
23604
14030
57747
49274
59207
16418
9125
19298
8858
27425
17397
9210
33786
23841
7597
15737
32606
60014
6781
18559
15721
8835
17655
5628
8874
59510
26515
61531
63582
11115
2272
62278
20974
9370
16022
46277
22137
22160
57454
22006
44134
50496
8794
12901
30899
22384
60860
33400
13252
28430
42324
28272
10397
42237
32399
12169
21144
4006
28560
10076
25285
45342
52798
28086
16130
62755
13188
15351
9931
58519
23130
21956
21208
36641
32298
57094
50794
27972
3550
33010
15354
8071
25435
50077
18898
13390
42029
1226
16880
47117
51682
3008
26949
30898
9317
48401
27691
23920
54975
37315
39866
28451
13697
556
10534
24942
33957
45672
11442
38934
57076
52858
52927
6158
43566
65183
1904
16674
9708
20034
22675
24623
39708
53683
6827
65314
25207
21981
56735
55884
9083
35754
64537
8745
8470
4129
25697
1488
28887
22234
21703
25281
32093
24190
37501
25442
14967
22167
21009
3060
20315
23183
13739
8574
2348
14639
9348
21660
52102
45115
9586
10422
46873
18686
60127
21566
16575
12962
9474
2306
30861
46136
15969
54956
2645
47070
45037
33152
6157
2881
30583
8640
22998
24681
48857
64120
27141
57453
30759
43901
36302
52757
10966
54046
26655
12794
19503
47101
1653
14826
29471
25071
33178
64590
6574
26697
56395
17497
33570
31216
7029
27131
817
58484
43209
21469
11023
30849
20102
1792
17881
26845
26792
23595
50667
14463
29089
10604
4864
14733
20940
18124
57218
42332
26119
6224
31523
30667
2200
29363
2760
1423
32638
36273
50529
65118
11874
44685
35931
5623
23089
20394
61788
14439
3893
311
9556
23352
31465
12210
19085
23774
30449
12291
56126
57882
906
21220
5031
28737
4053
42762
9815
22701
20204
56938
13382
2789
10745
6979
50570
39596
16016
17954
9653
46397
4122
56857
30000
14741
10296
22633
8327
12633
65296
21157
58918
62864
58078
8463
23645
30235
48641
55848
32820
11857
43157
20116
31844
46031
16354
35062
6863
65337
26276
7856
13072
24625
57337
9025
15830
3317
8465
933
12422
6933
8697
9465
17619
58686
51529
8307
6492
50968
59393
45666
27845
25252
13799
42921
18317
6358
36103
2799
14497
27798
9019
19243
47801
31263
51402
36606
46561
15685
25279
21691
19570
32633
58214
16870
3674
14107
22057
27435
43830
7791
20797
112
57248
38150
12680
31412
8095
2824
23597
40255
8084
32809
33083
26118
9413
39654
17476
7140
49014
28105
8824
17846
6809
10234
9864
14459
14740
26518
53955
17617
8683
36574
24748
34631
10602
20516
7923
30293
34633
6924
12608
40226
41618
40432
18131
32827
27868
30617
30447
15170
63393
49417
7740
6330
19119
51174
35499
38279
715
6930
38038
25493
65152
14511
11192
8873
21877
11788
22013
21835
24352
2070
12787
49329
26338
63873
53055
5109
63981
1249
51784
28495
40845
23649
21112
19410
28720
62183
30488
8615
24485
61200
59639
57321
53255
37523
49413
25711
23798
30002
37219
27412
36066
50533
18924
57328
62775
32891
27256
17644
32563
45777
31456
7627
41032
27356
40506
48707
61964
29641
53510
65339
3717
18191
2217
20369
57941
17041
11881
22578
10978
30653
14524
820
9260
57019
28251
48346
13026
4820
38604
40290
14444
37200
33913
9426
41476
12719
37018
30378
23972
22062
1686
24777
32961
20147
3888
61573
20211
2344
20415
33950
30358
800
17327
18359
63288
23587
5943
49698
9934
4126
60743
58805
7656
15709
51173
20099
14430
11484
59148
30318
28854
3093
54726
25403
32558
2546
17388
27052
177
62629
12942
21162
4444
7429
26378
8242
15838
33129
31633
1129
31317
19168
43403
32851
15165
12071
3998
62277
35355
435
40772
28927
57792
8070
15982
25228
27609
51309
55289
54465
29766
7837
36147
28775
40240
6182
9348
24314
7264
22029
41533
23219
18814
33788
18401
18514
33812
29528
4740
12498
45700
63457
62830
15947
30879
12266
38865
24569
35957
56169
45177
14863
40332
24018
46422
43977
52582
21066
59234
16576
11878
46128
26257
25948
21959
56658
18149
58265
29219
44264
29887
25216
11195
45611
64418
8018
38274
24658
25671
5150
7612
11999
48087
46546
28494
44811
22590
5426
28486
57470
2735
61005
22064
48881
23061
26418
7671
6070
5178
10634
32855
15938
26797
19967
9393
5051
34246
9162
35826
33314
44560
47354
47856
16612
35332
30456
9821
98
1185
13123
27394
25797
7162
17185
46740
25194
29572
1990
64205
61911
19656
34301
1362
40432
21300
64154
16670
14508
19526
33239
45072
5761
42294
839
19127
13420
26876
16593
30705
21626
19256
1681
46345
42740
65227
55122
60448
20166
21376
9260
57504
17341
28452
56294
40348
34009
50332
21662
26423
51272
26305
5105
18123
17400
534
31284
30320
19917
19561
10954
22413
46268
39463
63465
25297
24902
7040
32210
33808
3927
24805
10921
20350
4733
20457
41401
26659
7568
7439
16377
7992
6571
42933
22397
7077
10999
18130
30324
26925
25875
40304
2796
34995
18237
27316
12868
18472
29360
40297
15600
62352
55984
63096
28781
23841
11456
64396
5050
26430
13585
41213
53722
5965
49405
113
60268
30971
53273
52358
57986
30067
7709
29780
33812
19823
10985
22602
33878
56187
4642
22503
62277
11509
13771
22104
13022
10522
52085
1623
17454
11131
10966
4484
55842
9722
29738
23964
42058
17699
5785
26955
8815
44520
26370
27157
29153
35558
63837
41961
11096
26137
32269
7915
4141
63373
28339
18351
53099
554
56174
62178
33411
2018
12320
57815
17710
27208
15346
2222
25203
15499
42458
42280
21116
3333
39497
2992
14215
44044
27437
17561
15680
30035
60167
17423
725
30861
11815
47473
55129
12539
25252
32302
61800
14227
53006
39868
16707
10489
49363
54246
31163
1765
34262
11034
32853
29844
52817
8434
43740
32558
12807
22199
21514
29123
15963
12393
7910
32118
53591
18076
21986
51827
6625
25925
31138
16608
29162
29165
37940
29119
14603
32220
49033
14155
4502
19235
50375
13847
19662
36938
832
33426
24960
20399
259
19746
9264
19209
26650
55711
25751
6668
21153
14589
20309
35003
2187
54542
10316
50555
36036
12774
19301
500
62395
28290
17853
29975
30991
48628
39412
47614
13002
34275
3010
7165
2376
51682
44017
25496
22957
32549
12022
29024
1847
5374
63995
63017
53296
3964
31046
22231
46283
19440
16061
47440
57052
19008
18068
62209
2624
1630
1062
62441
32050
10379
24454
61961
29466
16777
2703
34795
47200
35275
3564
51606
4888
171
11154
57008
44839
17135
27184
8009
35824
21167
19555
18015
14692
15802
2510
25682
30335
1369
46275
21946
5553
37970
59288
13575
6480
23251
8491
18918
583
3312
23215
22405
7990
3242
4354
33516
47756
31588
15255
56361
5111
23695
21608
30366
2328
62517
18973
35683
47479
30478
7136
5411
12740
58644
53079
15341
5746
60392
4749
38156
37087
33630
64791
14533
29646
23857
31850
47311
17894
11466
7072
1517
64683
19211
20753
6407
39280
40627
6020
9076
18085
33029
3388
32644
22340
11683
21101
34295
18434
35740
2191
30501
19604
3464
21276
22961
25892
6000
7377
23286
25865
12323
54666
2433
21301
41092
20597
54321
29659
44481
56941
38663
27051
46338
5103
33615
64081
15687
7326
2611
2779
4263
63545
21195
9385
6738
7487
45499
7279
63858
15010
63987
20311
18321
11387
26620
60105
55000
57811
12179
13286
23672
49625
46117
14355
47386
26940
53919
13987
228
53201
60860
5820
23260
22489
56609
51660
15708
22417
54713
26744
64539
49596
42730
53720
31980
19102
22412
43497
11713
52447
42422
21686
5613
1972
23156
10495
56730
21757
23554
10861
32385
27754
4681
4418
33026
24701
36599
16584
38970
21675
5683
22454
24491
46506
11298
25660
35670
26241
8077
35808
8187
56559
34597
6522
17482
23556
6127
39682
21642
19732
4163
14296
4855
16357
30667
63969
51323
6068
48450
18956
53716
61838
16831
14467
31101
25572
5566
43437
35572
37410
62631
55457
7569
43115
15827
15947
48437
22005
36486
34605
27537
4745
1738
25491
12064
24696
1104
53111
47914
65229
21065
10511
31243
1969
5546
20304
38686
32197
56904
58123
59437
15666
9758
24045
26889
15779
12387
30993
19433
7450
33003
4752
27972
18631
27638
13526
50449
29423
76
31359
40377
49985
41755
290
13280
856
11339
46260
11867
25388
22856
21285
59075
44680
32865
51607
6491
2459
64308
22588
2985
21581
8610
52133
14922
48091
23807
8812
24077
62736
27289
27474
43994
17037
54093
32168
41246
24378
28068
44556
53472
10763
35735
44982
429
7475
33875
58218
17459
11803
31672
20112
8864
27095
31222
5749
33390
13988
24386
69
10167
42698
6455
32913
19986
15986
51215
5420
36433
30283
9293
29289
247
22451
34563
7489
34669
27886
1601
2707
6973
59446
22933
46147
7859
40427
32195
46572
49416
58046
40448
52330
18097
57327
28575
7023
46336
13207
63834
61394
29737
60065
33277
2184
16591
32365
12952
34037
34331
60152
40260
22817
31072
23966
15203
31620
33722
62169
32066
29432
46994
7959
3977
38257
273
8416
22673
58574
19544
31433
6453
62440
18403
33078
9619
8792
14060
21121
21343
25337
30118
30435
8400
59731
32720
3055
9057
43
4601
35385
32529
44643
25063
2809
30875
17928
17059
60827
7898
3087
26256
4830
26140
12110
55385
37341
10728
23818
63051
31059
15331
20803
36156
41174
17523
54922
59008
5384
36661
7090
52399
14194
9778
34262
15040
5276
56420
43564
64790
17777
20035
9771
29300
23637
33483
12300
11355
44552
3748
10943
7933
6953
35211
20680
30639
24771
21876
24050
4528
1289
33084
23749
56379
62427
34298
45747
19971
40270
63617
25587
57167
18499
36127
5554
28537
34747
47319
5702
23151
7789
39344
124
27500
4318
12416
15660
17047
25892
10244
7856
875
26179
20709
58134
22485
50924
61469
30185
29987
26537
14689
36969
22639
7101
1118
39275
48796
27947
4971
59783
6276
53762
40432
38579
10429
22915
25600
14494
41523
29706
23866
10879
13262
37174
8588
49775
36490
2374
34507
8112
22383
54658
58962
24432
49802
28519
5374
37483
21643
30720
22149
22721
32667
11002
33287
57506
49714
27734
23160
31930
4595
19153
53406
9392
46331
48425
49959
61122
36083
20894
32395
2764
33862
18081
10582
14961
16127
23234
22196
28090
5689
50355
1109
64823
28943
332
15943
6744
21785
62303
29259
275
8228
8417
17977
10904
3623
41617
2084
21154
27385
9020
31534
27134
26278
25117
41131
7037
9209
31253
4003
30936
64942
10655
50864
49930
24683
29039
50229
47319
27450
22127
25049
21439
31557
36721
37349
55552
17943
16179
17014
26207
59634
40401
45214
40509
33451
35494
63511
63038
57741
61139
33156
14775
5056
59086
43752
2601
56739
38849
32049
27836
